245969894744
245969220083
245969589001
245969799763
245969363325
245969471148
245969382665
245969839190
245969322329
245969403166
245969698768
245969555158
245969890277
245969873177
245969439083
245969147191
245969588588
245969490640
245969353690
245969295281
245969155602
245969631237
245969144687
245969792824
245969635348
245969210013
245969211870
245969872484
245969790756
245969980929
245969060482
245969098993
245969165990
245969241334
245969782179
245969073002
245969832241
245969068260
245969373768
245969479756
245969355644
245969312084
245969322195
245969638298
245969153466
245969487372
245969062334
245969764259
245969203938
245969432221
245969597957
245969514378
245969236567
245969111816
245969151561
245969746294
245969603136
245969058789
245969906797
245969529696
245969973451
245969471677
245969676368
245969716634
245969066796
245969625318
245969540663
245969776665
245969227867
245969650521
245969796838
245969280163
245969639596
245969121091
245969192670
245969797493
245969214295
245969146465
245969695086
245969376911
245969286521
245969684163
245969243428
245969912726
245969289496
245969364060
245969562162
245969810023
245969744059
245969230270
245969578377
245969506485
245969968418
245969673156
245969084687
245969638081
245969824475
245969111976
245969282032
245969026322
